463749057731582268
463749057851692843
463749057851692888
463749057851692962
463749057851693048
463749057851693130
463749057851693213
463749057851693293
463749057851693355
463749057851693420
463749057851693461
463749057851693513
463749057851693551
463749057851693631
463749057851693722
463749057851693790
463749057926575013
463749057926575073
463749057926575116
463749057926575182
463749057926575239
463749057926575350
463749057926575437
463749057926575523
463749057926575629
463749057926575724
463749057926575805
463749057926575905
463749058041055086
463749058041055178
463749058041055280
463749058041055387
463749058041055494
463749058041055592
463749058041055694
463749058041055806
463749058041055925
463749058150931741
463749058150931851
463749058150931957
463749058150932055
463749058150932122
463749058150932201
463749058150932285
463749058150932385
463749058150932476
463749058150932571
463749058150932672
463749058274467398
463749058274467497
463749058274467610
463749058274467736
463749058274467815
463749058274467946
463749058274468113
463749058274468240
463749058274468342
463749058325646134
463749058325646269
463749058325646403
463749058325646545
463749058325646682
463749058325646831
463749058325646978
463749058443801794
463749058443801897
463749058443802030
463749058443802168
463749058443802283
463749058443802388
463749058443802485
463749058443802587
463749058567783201
463749058567783317
463749058567783427
463749058567783528
463749058567783600
463749058567783667
463749058567783732
463749058567783775
463749058567783819
463749058567783881
463749058567783925
463749058567783966
463749058567783989
463749058567784008
463749058567784063
463749058567784071
463749058567784093
463749058567784117
463749058567784125
463749058567784132
463749058567784147
463749058567784176
463749058886718564
463749058886718615
463749058886718651
463749058886718696
463749058886718756
463749058886718838
463749058886718941
463749058886719065
463749058886719190
463749058886719324
463749058886719435
463749058904299070
463749058904299208
463749058904299359
463749058904299461
463749058904299618
463749058904299751
463749058904299892
463749058904300009
463749058925106834
463749058925106967
463749058925107119
463749058925107290
463749058925107417
463749058925107540
463749058925107653
463749059027945217
463749059027945324
463749059027945433
463749059027945530
463749059027945658
463749059027945794
463749059027945953
463749059027946073
463749059242186158
463749059242186299
463749059242186428
463749059242186584
463749059242186733
463749059242186869
463749059242187012
463749059265627217
463749059265627377
463749059265627529
463749059265627648
463749059265627765
463749059265627903
463749059265628066
463749059372036596
463749059372036764
463749059372036979
463749059372037098
463749059372037297
463749059372037459
463749059511378634
463749059511378801
463749059511378983
463749059511379145
463749059511379285
463749059511379430
463749059540715636
463749059540715770
463749059540715895
463749059540715998
463749059540716089
463749059540716214
463749059540716325
463749059540716404
463749059540716504
463749059699655786
463749059699655917
463749059699656030
463749059699656143
463749059699656255
463749059699656360
463749059699656476
463749059699656641
463749059699656781
463749059769327441
463749059769327614
463749059769327750
463749059769327921
463749059769328101
463749059769328242
463749059785877625
463749059785877754
463749059785877860
463749059785878009
463749059785878131
463749059785878243
463749059785878322
463749059785878425
463749059918325800
463749059918325902
463749059918326000
463749059918326071
463749059918326130
463749059918326184
463749059918326258
463749059918326308
463749059918326360
463749059918326401
463749059918326442
463749059918326462
463749059918326483
463749059918326514
463749059918326554
463749059918326574
463749059918326592
463749059918326599
463749059918326622
463749059918326635
463749059918326657
463749059918326668
463749059918326703
463749059918326733
463749059918326779
463749060123602373
463749060123602423
463749060123602482
463749060123602590
463749060123602665
463749060123602761
463749060123602871
463749060123602979
463749060123603125
463749060123603267
463749060161205528
463749060161205671
463749060161205797
463749060161205957
463749060161206104
463749060161206226
463749060161206393
463749060286058133
463749060286058267
463749060286058452
463749060286058660
463749060286058862
463749060286059049
463749060300151530
463749060300151682
463749060300151799
463749060300151960
463749060300152076
463749060300152169
463749060300152291
463749060418301431
463749060418301571
463749060418301711
463749060418301848
463749060418301986
463749060418302127
463749060418302275
463749060480952927
463749060480953086
463749060480953273
463749060480953443
463749060480953603
463749060480953749
463749060680880239
463749060680880379
463749060680880530
463749060680880704
463749060680880867
463749060680881050
463749060909703105
463749060909703274
463749060909703479
463749060909703645
463749060909703818
463749060909704000
463749060926875575
463749060926875764
463749060926875932
463749060926876064
463749060926876209
463749060926876322
463749060926876417
463749061070142406
463749061070142504
463749061070142628
463749061070142734
463749061070142831
463749061070142946
463749061070143061
463749061070143187
463749061070143315
463749061204490625
463749061204490724
463749061204490860
463749061204491008
463749061204491145
463749061204491306
463749061204491467
463749061210713010
463749061210713153
463749061210713271
463749061210713423
463749061210713560
463749061210713665
463749061210713782
463749061210713911
463749061239923337
463749061239923494
463749061239923634
463749061239923717
463749061239923787
463749061239923868
463749061239923982
463749061239924046
463749061239924150
463749061239924199
463749061401362245
463749061401362311
463749061401362356
463749061401362393
463749061401362421
463749061401362431
463749061401362438
463749061401362459
463749061401362469
463749061401362480
463749061401362506
463749061401362519
463749061401362535
463749061401362566
463749061401362590
463749061401362628
463749061401362652
463749061401362681
463749061401362730
463749061401362778
463749061401362838
463749061401362906
463749061401362961
463749061401363088
463749061401363165
463749061641733894
463749061641733996
463749061641734098
463749061641734208
463749061641734314
463749061641734476
463749061641734617
463749061641734739
463749061641734882
463749061668347384
463749061668347546
463749061668347712
463749061668347875
463749061668348058
463749061687930199
463749061687930332
463749061687930453
463749061687930569
463749061687930639
463749061687930734
463749061687930819
463749061687930894
463749061687931007
463749061687931117
463749061861324370
463749061861324488
463749061861324658
463749061861324827
463749061861324982
463749061861325127
463749061861325260
463749061916733122
463749061916733263
463749061916733445
463749061916733611
463749061916733790
463749061916733972
463749061981731689
463749061981731913
463749061981732104
463749061981732284
463749061981732479
463749062104156817
463749062104157021
463749062104157193
463749062104157386
463749062104157572
463749062294227070
463749062294227238
463749062294227411
463749062294227565
463749062294227689
463749062294227823
463749062294227949
463749062424170804
463749062424170902
463749062424170996
463749062424171101
463749062424171190
463749062424171283
463749062424171392
463749062424171501
463749062424171590
463749062424171699
463749062650109742
463749062650109847
463749062650109937
463749062650110051
463749062650110171
463749062650110286
463749062650110413
463749062650110560
463749062650110695
463749062669166167
463749062669166296
463749062669166419
463749062669166545
463749062669166691
463749062669166808
463749062669166940
463749062824189063
463749062824189146
463749062824189234
463749062824189325
463749062824189378
463749062824189441
463749062824189514
463749062824189592
463749062824189666
463749062824189743
463749062824189791
463749062824189846
463749062824189897
463749062824189932
463749062824190014
463749062824190053
463749063059554426
463749063059554459
463749063059554499
463749063059554508
463749063059554517
463749063059554525
463749063059554536
463749063059554550
463749063059554591
463749063059554609
463749063059554628
463749063059554646
463749063059554698
463749063059554764
463749063059554780
463749063059554827
463749063059554885
463749063059554949
463749063059555042
463749063059555156
463749063059555278
463749063059555394
463749063217892348
463749063217892480
463749063217892651
463749063217892820
463749063217892997
463749063217893146
463749063323581030
463749063323581191
463749063323581327
463749063323581477
463749063323581651
463749063323581804
463749063323581946
463749063360748795
463749063360748907
463749063360749007
463749063360749090
463749063360749166
463749063360749264
463749063360749325
463749063360749433
463749063360749547
463749063360749666
463749063520910982
463749063520911114
463749063520911244
463749063520911385
463749063520911518
463749063520911666
463749063520911827
463749063720545665
463749063720545832
463749063720546001
463749063720546158
463749063720546336
463749063720546509
463749063761175517
463749063761175680
463749063761175843
463749063761176040
463749063761176200
463749063761176368
463749063796080104
463749063796080310
463749063796080479
463749063796080651
463749063796080793
463749063796080930
463749063905945232
463749063905945353
463749063905945463
463749063905945560
463749063905945650
463749063905945763
463749063905945875
463749063905945957
463749063905946051
463749064098085663
463749064098085752
463749064098085854
463749064098085985
463749064098086089
463749064098086163
463749064098086266
463749064098086395
463749064098086489
463749064098086579
463749064313257192
463749064313257303
463749064313257402
463749064313257496
463749064313257584
463749064313257678
463749064313257821
463749064313257917
463749064313258044
463749064370347429
463749064370347532
463749064370347646
463749064370347737
463749064370347827
463749064370347922
463749064370348023
463749064370348089
463749064370348166
463749064370348233
463749064370348302
463749064370348355
463749064370348407
463749064476173236
463749064476173271
463749064476173294
463749064476173310
463749064476173342
463749064476173356
463749064476173371
463749064476173390
463749064476173405
463749064476173423
463749064476173441
463749064476173485
463749064476173508
463749064476173539
463749064476173559
463749064476173583
463749064476173644
463749064476173681
463749064476173741
463749064476173806
463749064476173910
463749064476174024
463749064476174129
463749064837433222
463749064837433354
463749064837433474
463749064837433589
463749064837433689
463749064837433814
463749064837433957
463749064837434105
463749065095295036
463749065095295176
463749065095295341
463749065095295504
463749065095295651
463749065095295764
463749065095295853
463749065095295943
463749065164897639
463749065164897746
463749065164897832
463749065164897904
463749065164897980
463749065164898092
463749065164898253
463749065164898428
463749065164898590
463749065234679151
463749065234679279
463749065234679414
463749065234679573
463749065234679735
463749065234679895
463749065449930248
463749065449930433
463749065449930598
463749065449930737
463749065449930898
463749065449931049
463749065449931188
463749065724270094
463749065724270261
463749065724270411
463749065724270534
463749065724270651
463749065724270785
463749065724270922
463749065874824635
463749065874824748
463749065874824854
463749065874824950
463749065874825020
463749065874825112
463749065874825174
463749065874825223
463749065874825271
463749065874825317
463749065874825356
463749065874825404
463749065874825448
463749065874825505
463749066011750573
463749066011750624
463749066011750675
463749066011750721
463749066011750767
463749066011750823
463749066011750882
463749066011750926
463749066011750983
463749066011751053
463749066011751091
463749066011751146
463749066011751220
463749066011751257
463749066011751306
463749066011751364
463749066011751401
463749066011751439
463749066011751473
463749066011751503
463749066332913323
463749066332913352
463749066332913405
463749066332913427
463749066332913441
463749066332913466
463749066332913486
463749066332913511
463749066332913539
463749066332913558
463749066332913566
463749066332913590
463749066332913601
463749066332913616
463749066332913642
463749066332913672
463749066332913685
463749066332913710
463749066332913736
463749066332913764
463749066332913800
463749066332913832
463749066332913875
463749066332913915
463749066332913945
463749066332913973
463749066332914007
463749066332914038
463749066332914069
463749066332914108
463749066332914160
463749066332914188
463749066332914226
463749066332914259
463749066332914283
463749066332914297
463749066655676632
463749066655676677
463749066655676705
463749066655676779
463749066655676807
463749066655676832
463749066655676869
463749066655676901
463749066655676934
463749066655676966
463749066655676996
463749066655677016
463749066655677037
463749066655677066
463749066655677094
463749066655677113
463749066655677137
463749066655677171
463749066655677200
463749066655677241
463749066655677276
463749066655677304
463749066655677342
463749066655677394
463749066655677421
463749066655677463
463749066655677487
463749066655677529
463749066655677554
463749066655677594
463749067189278489
463749067189278543
463749067189278599
463749067189278664
463749067189278701
463749067189278733
463749067189278788
463749067189278865
463749067189278920
463749067189278971
463749067189278997
463749067189279011
463749067189279032
463749067189279074
463749067189279085
463749067189279095
463749067189279113
463749067189279120
463749067189279147
463749067189279157
463749067189279174
463749067189279187
463749067189279196
463749067189279207
463749067189279243
463749067189279280
463749067189279305
463749067189279341
463749067189279377
463749067189279405
463749067189279442
463749067830960551
463749067830960567
463749067830960622
463749067830960644
463749067830960689
463749067830960706
463749067830960729
463749067830960766
463749067830960786
463749067830960810
463749067830960842
463749067830960864
463749067830960907
463749067830960950
463749067830961017
463749067830961056
463749067830961097
463749067830961123
463749067830961139
463749067830961157
463749067830961185
463749067830961214
463749067830961256
463749067830961289
463749067830961313
463749067830961338
463749067830961349
463749067830961368
463749067830961389
463749067830961419
463749067830961444
463749067830961470
463749068386231655
463749068386231705
463749068386231728
463749068386231756
463749068386231788
463749068386231809
463749068386231838
463749068386231880
463749068386231904
463749068386231963
463749068386232008
463749068386232033
463749068386232079
463749068386232120
463749068386232164
463749068386232218
463749068386232268
463749068386232318
463749068386232364
463749068386232408
463749068386232457
463749068386232507
463749068386232560
463749068386232595
463749068386232623
463749068851866306
463749068851866343
463749068851866389
463749068851866433
463749068851866468
463749068851866495
463749068851866514
463749068851866527
463749068851866551
463749068851866576
463749068851866583
463749068851866594
463749068851866602
463749068851866610
463749068851866623
463749068851866642
463749068851866671
463749068851866684
463749068851866722
463749068851866757
463749068851866809
463749068851866840
463749068851866877
463749068851866912
463749068851866949
463749068851866989
463749068851867037
463749068851867071
463749068851867106
463749068851867138
463749068851867215
463749068851867241
463749068851867278
463749069058538713
463749069058538761
463749069058538816
463749069058538858
463749069058538910
463749069058538966
463749069058539028
463749069058539081
463749069058539133
463749069058539195
463749069058539245
463749069058539297
463749069058539373
463749069058539461
463749069058539556
463749069058539623
463749069148762646
463749069148762743
463749069148762824
463749069148762896
463749069148762937
463749069148762997
463749069148763070
463749069148763125
463749069148763187
463749069148763255
463749069148763317
463749069148763415
463749069148763500
463749069148763574
463749069372243664
463749069372243738
463749069372243817
463749069372243875
463749069372243932
463749069372243977
463749069372244027
463749069372244089
463749069372244146
463749069372244194
463749069372244241
463749069372244309
463749069372244416
463749069372244499
463749069372244593
463749069631467933
463749069631468011
463749069631468114
463749069631468244
463749069631468367
463749069631468478
463749069631468606
463749069631468722
463749069631468832
463749069818622886
463749069818622995
463749069818623106
463749069818623223
463749069818623315
463749069818623397
463749069818623486
463749069818623546
463749069818623632
463749069818623704
463749069818623750
463749069818623827
463749069947950829
463749069947950904
463749069947950944
463749069947950985
463749069947951019
463749069947951062
463749069947951106
463749069947951129
463749069947951157
463749069947951175
463749069947951206
463749069947951232
463749069947951245
463749069947951259
463749069947951274
463749069947951290
463749069947951315
463749069947951336
463749069947951365
463749069947951406
463749069947951446
463749069947951482
463749069947951521
463749069947951579
463749069947951672
463749070572214865
463749070572214987
463749070572215125
463749070572215248
463749070572215392
463749070572215506
463749070572215637
463749070572215746
463749070572215845
463749070697252431
463749070697252513
463749070697252645
463749070697252781
463749070697252902
463749070697253003
463749070697253146
463749070697253274
463749070866090448
463749070866090881
463749070866090957
463749070866091016
463749070866091075
463749070866091145
463749077331500999
463749077331501085
463749077331501186
463749077331501297
463749077331501439
463749077331501554
463749077331501659
463749077331501750
463749077331501884
463749077758691778
463749077758691973
463749077758692461
463749077819442426
463749077819442662
463749077819442845
463749077819443012
463749077819443165
463749077955611480
463749077955611942
463749078038254904
463749078038255401
463749078038255891
463749078109457802
463749078109458300
463749078187370504
463749078187370663
463749078187370796
463749078187370926
463749078187371064
463749078187371187
463749078391633459
463749078391633572
463749078391633641
463749078391633726
463749078391634189
463749078512590372
463749078512590968
463749078576388961
463749078646356745
463749078646357386
463749078714924468
463749078714925090
463749078812152813
463749078892607189
463749078892607797
463749078968182653
463749079048768031
463749079048768666
463749079119365474
463749079154468435
463749079154469195
463749079234173349
463749079299247920
463749079350152036
463749079350152625
463749079350152713
463749079350152813
463749079350152924
463749079480635098
463749079480635183
463749079480635301
463749079480635370
463749079480635468
463749079480635552
463749079480635602
463749079480635660
463749079480635683
463749079480635713
463749079480635748
463749079480635797
463749079480635810
463749079480635839
463749079480635864
463749079480635875
463749079480635901
463749079480635913
463749079480635950
463749079480635979
463749079480636036
463749079751100735
463749079751100803
463749079751100850
463749079751100934
463749079751101044
463749079751101146
463749079751101221
463749079751101318
463749079751101407
463749079751101511
463749079751101609
463749079751101722
463749079801954513
463749079801954651
463749079801954769
463749079801954878
463749079801955050
463749079801955211
463749079801955349
463749080062204001
463749080062204100
463749080062204233
463749080062204321
463749080062204413
463749080062204477
463749080062204575
463749080062204654
463749080062204760
463749080062204885
463749080296426423
463749080296426576
463749080296426648
463749080296426768
463749080296426884
463749080296427018
463749080296427183
463749080296427339
463749080509018347
463749080509018491
463749080509018674
463749080509018781
463749080509018932
463749080509019066
463749080509019207
463749080765548464
463749080765548694
463749080765548866
463749080765549116
463749080857999794
463749080858000155
463749080858000507
463749080914616704
463749080914617011
463749080914617486
463749081012952478
463749081012952928
463749081068738993
463749081068739403
463749081189095255
463749081189095664
463749081189096067
463749081252936354
463749081252936752
463749081252937108
463749081306349326
463749081306349698
463749081395272739
463749081395273132
463749081395273534
463749081476653350
463749081476653799
463749081592934733
463749081592935175
463749081666456370
463749081666456794
463749081702467618
463749081702468053
463749081702468535
463749081730427252
463749081730427739
463749081791546451
463749081791546932
463749081835857109
463749081835857608
463749081918335952
463749081918336439
463749081981878089
463749081981878532
463749082057999167
463749082057999611
463749082058000020
463749082113060882
463749082113061251
463749082193538623
463749082193538861
463749082193539089
463749082193539301
463749082256425379
463749082256425765
463749082256426025
463749082341004796
463749082429447847
463749082581633011
463749082708713345
463749082708713515
463749082708713547
463749082708713604
463749082708713626
463749082708713676
463749082708713719
463749082708713798
463749082708713909
463749082708714009
463749082708714110
463749082708714214
463749082750755550
463749082750755655
463749082750755753
463749082750755867
463749082750755973
463749082750756102
463749082750756234
463749082750756388
463749082846433988
463749082846434128
463749082846434299
463749082846434470
463749082846434633
463749082846434767
463749082917067685
463749082917067812
463749082917067932
463749082917068009
463749082917068108
463749082917068185
463749082917068273
463749082917068377
463749082917068519
463749082917068629
463749083027905383
463749083027905505
463749083027905649
463749083027905969
463749083067764730
463749083067765071
463749083067765405
463749083067765585
463749083140658967
463749083140659144
463749083140659326
463749083140659486
463749083140659617
463749083140659763
463749083140659896
463749083250061989
463749083250062151
463749083250062335
463749083250062532
463749083250062696
463749083250062830
463749083371482730
463749083371482847
463749083371482992
463749083371483178
463749083371483346
463749083449867008
463749083449867162
463749083449867295
463749083449867388
463749083449867488
463749083449867583
463749083449867693
463749083449867784
463749083602094669
463749083602094794
463749083602094891
463749083602094994
463749083602095076
463749083602095184
463749083602095292
463749083602095399
463749083602095532
463749083733468133
463749064368799040
463749064368799061
463749064368799083
463749064368799103
463749064368799128
463749064368799158
463749064368799184
463749064368799192
463749064368799206
463749064368799244
463749064368799272
463749064368799318
463749064368799325
463749064368799334
463749064368799347
463749064368799455
463749064368799513
463749065234677003
463749065234677036
463749065234677049
463749065234677086
463749065234677109
463749065234677158
463749065234677192
463749065234677215
463749065234677260
463749065234677284
463749065234677317
463749065234677366
463749065234677423
463749065234677440
463749065234677461
463749065234677499
463749065234677526
463749065234677546
463749065234677582
463749065234677596
463749065234677619
463749065234677638
463749065234677670
463749065234677708
463749065234677731
463749065234677777
463749065234677796
463749065234677821
463749065234677906
463749065234677941
463749065234677952
463749066332918904
463749066332918920
463749066332918942
463749066332918951
463749066332918960
463749066332918971
463749066332918979
463749066332918994
463749066332919003
463749066332919013
463749066332919030
463749066332919038
463749066332919046
463749066332919058
463749066332919081
463749066332919088
463749066332919105
463749066332919112
463749066332919124
463749066332919141
463749066332919159
463749066332919171
463749066332919181
463749066332919188
463749066332919202
463749066332919215
463749066332919226
463749066332919233
463749066332919241
463749066332919252
463749066332919267
463749066332919274
463749066332919284
463749066332919304
463749066332919326
463749066332919343
463749066332919376
463749066332919400
463749066332919414
463749066332919425
463749066332919449
463749066332919478
463749066332919502
463749066332919523
463749066332919538
463749066332919554
463749066332919575
463749066332919586
463749066332919599
463749066332919678
463749066332919747
463749066332919811
463749066332919852
463749066332919880
463749067830962112
463749067830962119
463749067830962134
463749067830962164
463749067830962195
463749067830962209
463749067830962224
463749067830962247
463749067830962261
463749067830962273
463749067830962285
463749067830962322
463749067830962368
463749067830962401
463749067830962421
463749067830962432
463749067830962454
463749067830962471
463749067830962488
463749067830962509
463749067830962524
463749067830962587
463749067830962607
463749067830962623
463749067830962640
463749067830962652
463749067830962664
463749067830962681
463749067830962695
463749067830962715
463749067830962724
463749067830962743
463749067830962758
463749067830962768
463749067830962775
463749067830962796
463749067830962806
463749067830962815
463749067830962824
463749067830962833
463749067830962843
463749067830962851
463749067830962865
463749067830962872
463749067830962887
463749067830962900
463749067830962914
463749067830962923
463749067830962936
463749067830962957
463749067830962980
463749067830962990
463749067830963020
463749067830963056
463749069143159578
463749069143159628
463749069143159680
463749069143159735
463749069143159790
463749069143159854
463749069143159966
463749069143160070
463749069143160131
463749069143160196
463749069143160261
463749069143160299
463749069143160319
463749069143160451
463749069445680993
463749069445681232
463749069445681350
463749069564436847
463749069564436969
463749069564437106
463749069564437356
463749069564437602
463749069564437739
463749069723497510
463749069723497741
463749069723497852
463749069723498000
463749069723498146
463749069723498422
463749069858639339
463749069858639491
463749069858639642
463749069858639934
463749069858640187
463749069903343894
463749069903344026
463749069903344271
463749069903344422
463749069903344664
463749069967273809
463749069967273950
463749069967274221
463749069967274355
463749069967274597
463749070237664065
463749070316352074
463749070364999473
463749070364999906
463749070454547059
463749070454547253
463749070454547548
463749070454547657
463749070499932918
463749070499933194
463749070499933365
463749070571218835
463749070571219084
463749070571219323
463749070571219520
463749070571219613
463749070663320799
463749070663321019
463749070663321196
463749070663321337
463749070663321567
463749070798190718
463749070798190904
463749070798191035
463749070798191293
463749070798191564
463749076725343925
463749076725344153
463749076725344545
463749076725344655
463749076725344844
463749077538578875
463749077538579108
463749077538579379
463749077538579532
463749077538579679
463749077759226940
463749077759227069
463749077759227310
463749077759227539
463749077759227567
463749077951278269
463749077951278438
463749077951278590
463749077951278737
463749077951278938
463749077951279034
463749078140596367
463749078140596619
463749078140596894
463749078140597068
463749078294637820
463749078294638005
463749078294638287
463749078294638538
463749078495130444
463749078495130861
463749078495131108
463749078495131343
463749078755643539
463749078755643924
463749079107249500
463749079107249735
463749079107250246
463749079373470315
463749079373470516
463749079373470688
463749079373470831
463749079373470980
463749079373471241
463749079504088265
463749079504088474
463749079504088667
463749079504088674
463749079504088689
463749079504088697
463749079504088706
463749079504088715
463749079504088724
463749079504088742
463749079504088758
463749079504088770
463749079504088794
463749079504088820
463749079504088868
463749079504088911
463749079504088929
463749079504088956
463749079504088991
463749079504089019
463749079504089059
463749079773610505
463749079773610642
463749079773610848
463749079773611124
463749079864539729
463749079864539882
463749079864540027
463749079864540418
463749080133036418
463749080133036700
463749080133036856
463749080279124753
463749080279124904
463749080279125086
463749080279125263
463749080279125414
463749080279125692
463749080445244016
463749080445244299
463749080445244449
463749080445244593
463749080445244870
463749080703200280
463749080703200410
463749080703200590
463749080703200822
463749080857346336
463749080857346355
463749080857346374
463749080857346400
463749080857346440
463749080857346466
463749080857346499
463749080857346528
463749080857346553
463749080857346567
463749080857346579
463749080857346590
463749080857346622
463749080857346653
463749080857346667
463749080857346688
463749080857346700
463749080857346724
463749080857346763
463749080857346825
463749080857346841
463749080857346881
463749080857346907
463749080857346953
463749080857346988
463749080857347028
463749080857347056
463749080857347086
463749080857347120
463749080857347180
463749080857347205
463749080857347221
463749080857347236
463749080857347254
463749080857347263
463749080857347296
463749080857347316
463749082353781981
463749082353782007
463749082353782015
463749082353782022
463749082353782034
463749082353782041
463749082353782050
463749082353782058
463749082353782068
463749082353782080
463749082353782106
463749082353782117
463749082353782150
463749082353782210
463749082353782265
463749082353782285
463749082353782304
463749082353782333
463749082353782360
463749082353782399
463749082353782417
463749082353782432
463749082353782457
463749082353782485
463749082353782511
463749082353782553
463749082353782589
463749082353782633
463749082353782670
463749082353782696
463749082353782730
463749082353782738
463749082353782755
463749082353782773
463749082353782817
463749082353782849
463749082353782864
463749082353782886
463749082353782911
463749082353782933
463749082353782958
463749083115270924
463749083115270951
463749083115270984
463749083115271005
463749083115271024
463749083115271048
463749083115271071
463749083115271087
463749083115271106
463749083115271131
463749083115271158
463749083115271179
463749083115271197
463749083115271233
463749083115271262
463749083115271345
463749083115271562
463749083115271791
463749083501137974
463749083561124843
463749083561124860
463749083561124876
463749083561124911
463749083561124947
463749083561124965
463749083561125005
